5.089999999999785	60	9	18	255
5.079999999999785	60	9	18	255
5.069999999999785	60	9	18	255
5.059999999999786	60	9	18	255
5.049999999999786	63	10	19	255
5.039999999999786	63	10	19	255
5.029999999999786	63	10	19	255
5.019999999999786	63	10	19	255
5.009999999999787	65	10	20	255
4.999999999999787	65	10	20	255
4.989999999999787	65	10	20	255
4.979999999999787	65	10	20	255
4.9699999999997875	68	11	22	255
4.959999999999788	68	11	22	255
4.949999999999788	68	11	22	255
4.939999999999788	68	11	22	255
4.929999999999788	70	11	23	255
4.9199999999997885	70	11	23	255
4.909999999999789	70	11	23	255
4.899999999999789	70	11	23	255
4.889999999999789	73	12	24	255
4.879999999999789	73	12	24	255
4.86999999999979	73	12	24	255
4.85999999999979	73	12	24	255
4.84999999999979	75	12	25	255
4.83999999999979	75	12	25	255
4.8299999999997905	75	12	25	255
4.819999999999791	75	12	25	255
4.809999999999791	78	13	27	255
4.799999999999791	78	13	27	255
4.789999999999791	78	13	27	255
4.7799999999997915	78	13	27	255
4.769999999999792	81	13	28	255
4.759999999999792	81	13	28	255
4.749999999999792	81	13	28	255
4.739999999999792	81	13	28	255
4.729999999999793	83	13	29	255
4.719999999999793	83	13	29	255
4.709999999999793	83	13	29	255
4.699999999999793	83	13	29	255
4.6899999999997934	86	14	30	255
4.679999999999794	86	14	30	255
4.669999999999794	86	14	30	255
4.659999999999794	86	14	30	255
4.649999999999794	88	14	31	255
4.6399999999997945	88	14	31	255
4.629999999999795	88	14	31	255
4.619999999999795	88	14	31	255
4.609999999999795	91	14	32	255
4.599999999999795	91	14	32	255
4.589999999999796	91	14	32	255
4.579999999999796	91	14	32	255
4.569999999999796	94	14	33	255
4.559999999999796	94	14	33	255
4.549999999999796	94	14	33	255
4.539999999999797	94	14	33	255
4.529999999999797	96	14	34	255
4.519999999999797	96	14	34	255
4.509999999999797	96	14	34	255
4.4999999999997975	96	14	34	255
4.489999999999798	99	14	35	255
4.479999999999798	99	14	35	255
4.469999999999798	99	14	35	255
4.459999999999798	99	14	35	255
4.449999999999799	101	15	36	255
4.439999999999799	101	15	36	255
4.429999999999799	101	15	36	255
4.419999999999799	101	15	36	255
4.409999999999799	104	15	37	255
4.3999999999998	104	15	37	255
4.3899999999998	104	15	37	255
4.3799999999998	104	15	37	255
4.3699999999998	107	15	37	255
4.3599999999998005	107	15	37	255
4.349999999999801	107	15	37	255
4.339999999999801	107	15	37	255
4.329999999999801	109	14	38	255
4.319999999999801	109	14	38	255
4.3099999999998015	109	14	38	255
4.299999999999802	109	14	38	255
4.289999999999802	112	14	39	255
4.279999999999802	112	14	39	255
4.269999999999802	112	14	39	255
4.259999999999803	112	14	39	255
4.249999999999803	115	14	39	255
4.239999999999803	115	14	39	255
4.229999999999803	115	14	39	255
4.2199999999998035	115	14	39	255
4.209999999999804	118	14	40	255
4.199999999999804	118	14	40	255
4.189999999999804	118	14	40	255
4.179999999999804	118	14	40	255
4.1699999999998045	120	14	40	255
4.159999999999805	120	14	40	255
4.149999999999805	120	14	40	255
4.139999999999805	120	14	40	255
4.129999999999805	123	14	41	255
4.119999999999806	123	14	41	255
4.109999999999806	123	14	41	255
4.099999999999806	123	14	41	255
4.089999999999806	126	14	41	255
4.0799999999998064	126	14	41	255
4.069999999999807	126	14	41	255
4.059999999999807	126	14	41	255
4.049999999999807	128	14	41	255
4.039999999999807	128	14	41	255
4.0299999999998075	128	14	41	255
4.019999999999808	128	14	41	255
4.009999999999808	131	14	41	255
3.999999999999808	131	14	41	255
3.9899999999998084	131	14	41	255
3.9799999999998086	131	14	41	255
3.969999999999809	134	14	41	255
3.959999999999809	134	14	41	255
3.949999999999809	134	14	41	255
3.9399999999998094	134	14	41	255
3.9299999999998096	136	15	41	255
3.91999999999981	136	15	41	255
3.90999999999981	136	15	41	255
3.8999999999998103	136	15	41	255
3.8899999999998105	139	15	41	255
3.8799999999998107	139	15	41	255
3.869999999999811	139	15	41	255
3.859999999999811	139	15	41	255
3.8499999999998114	141	16	41	255
3.8399999999998116	141	16	41	255
3.8299999999998118	141	16	41	255
3.819999999999812	141	16	41	255
3.809999999999812	144	16	41	255
3.7999999999998124	144	16	41	255
3.7899999999998126	144	16	41	255
3.779999999999813	144	16	41	255
3.769999999999813	146	18	40	255
3.7599999999998133	146	18	40	255
3.7499999999998135	146	18	40	255
3.7399999999998137	146	18	40	255
3.729999999999814	148	19	40	255
3.719999999999814	148	19	40	255
3.7099999999998143	148	19	40	255
3.6999999999998145	148	19	40	255
3.6899999999998148	151	20	40	255
3.679999999999815	151	20	40	255
3.669999999999815	151	20	40	255
3.6599999999998154	151	20	40	255
3.6499999999998156	153	22	39	255
3.639999999999816	153	22	39	255
3.629999999999816	153	22	39	255
3.6199999999998163	153	22	39	255
3.6099999999998165	155	23	39	255
3.5999999999998167	155	23	39	255
3.589999999999817	155	23	39	255
3.579999999999817	155	23	39	255
3.5699999999998173	157	25	38	255
3.5599999999998175	157	25	38	255
3.5499999999998177	157	25	38	255
3.539999999999818	157	25	38	255
3.529999999999818	159	27	38	255
3.5199999999998184	159	27	38	255
3.5099999999998186	159	27	38	255
3.499999999999819	159	27	38	255
3.489999999999819	161	29	37	255
3.4799999999998192	161	29	37	255
3.4699999999998195	161	29	37	255
3.4599999999998197	161	29	37	255
3.44999999999982	163	31	37	255
3.43999999999982	163	31	37	255
3.4299999999998203	163	31	37	255
3.4199999999998205	163	31	37	255
3.4099999999998207	165	33	37	255
3.399999999999821	165	33	37	255
3.389999999999821	165	33	37	255
3.3799999999998214	167	36	36	255
3.3699999999998216	167	36	36	255
3.359999999999822	167	36	36	255
3.349999999999822	167	36	36	255
3.3399999999998222	169	38	36	255
3.3299999999998224	169	38	36	255
3.3199999999998226	169	38	36	255
3.309999999999823	169	38	36	255
3.299999999999823	171	41	36	255
3.2899999999998233	171	41	36	255
3.2799999999998235	171	41	36	255
3.2699999999998237	171	41	36	255
3.259999999999824	172	43	36	255
3.249999999999824	172	43	36	255
3.2399999999998244	172	43	36	255
3.2299999999998246	172	43	36	255
3.219999999999825	174	46	36	255
3.209999999999825	174	46	36	255
3.199999999999825	174	46	36	255
3.1899999999998254	174	46	36	255
3.1799999999998256	175	48	36	255
3.169999999999826	175	48	36	255
3.159999999999826	175	48	36	255
3.1499999999998263	175	48	36	255
3.1399999999998265	177	51	37	255
3.1299999999998267	177	51	37	255
3.119999999999827	177	51	37	255
3.109999999999827	177	51	37	255
3.0999999999998273	178	53	37	255
3.0899999999998276	178	53	37	255
3.0799999999998278	178	53	37	255
3.069999999999828	178	53	37	255
3.059999999999828	179	56	38	255
3.0499999999998284	179	56	38	255
3.0399999999998286	179	56	38	255
3.029999999999829	179	56	38	255
3.019999999999829	180	59	39	255
3.0099999999998293	180	59	39	255
2.9999999999998295	180	59	39	255
2.9899999999998297	180	59	39	255
2.97999999999983	182	61	40	255
2.96999999999983	182	61	40	255
2.9599999999998303	182	61	40	255
2.9499999999998305	182	61	40	255
2.9399999999998307	183	64	41	255
2.929999999999831	183	64	41	255
2.919999999999831	183	64	41	255
2.9099999999998314	183	64	41	255
2.8999999999998316	184	67	43	255
2.889999999999832	184	67	43	255
2.879999999999832	184	67	43	255
2.8699999999998322	184	67	43	255
2.8599999999998325	185	69	44	255
2.8499999999998327	185	69	44	255
2.839999999999833	185	69	44	255
2.829999999999833	185	69	44	255
2.8199999999998333	186	72	46	255
2.8099999999998335	186	72	46	255
2.7999999999998337	186	72	46	255
2.789999999999834	186	72	46	255
2.779999999999834	187	75	48	255
2.7699999999998344	187	75	48	255
2.7599999999998346	187	75	48	255
2.749999999999835	187	75	48	255
2.739999999999835	188	77	50	255
2.7299999999998352	188	77	50	255
2.7199999999998354	188	77	50	255
2.7099999999998357	188	77	50	255
2.699999999999836	189	80	52	255
2.689999999999836	189	80	52	255
2.6799999999998363	189	80	52	255
2.6699999999998365	189	80	52	255
2.6599999999998367	190	82	54	255
2.649999999999837	190	82	54	255
2.639999999999837	190	82	54	255
2.6299999999998374	190	82	54	255
2.6199999999998376	190	85	56	255
2.609999999999838	190	85	56	255
2.599999999999838	190	85	56	255
2.589999999999838	190	85	56	255
2.5799999999998384	191	87	58	255
2.5699999999998386	191	87	58	255
2.559999999999839	191	87	58	255
2.549999999999839	191	87	58	255
2.5399999999998393	192	90	60	255
2.5299999999998395	192	90	60	255
2.5199999999998397	192	90	60	255
2.50999999999984	192	90	60	255
2.49999999999984	193	92	63	255
2.4899999999998403	193	92	63	255
2.4799999999998406	193	92	63	255
2.4699999999998408	193	92	63	255
2.459999999999841	194	95	65	255
2.449999999999841	194	95	65	255
2.4399999999998414	194	95	65	255
2.4299999999998416	194	95	65	255
2.419999999999842	195	97	67	255
2.409999999999842	195	97	67	255
2.3999999999998423	195	97	67	255
2.3899999999998425	195	97	67	255
2.3799999999998427	195	99	70	255
2.369999999999843	195	99	70	255
2.359999999999843	195	99	70	255
2.3499999999998433	195	99	70	255
2.3399999999998435	196	102	72	255
2.3299999999998438	196	102	72	255
2.319999999999844	196	102	72	255
2.309999999999844	196	102	72	255
2.2999999999998444	197	104	75	255
2.2899999999998446	197	104	75	255
2.279999999999845	197	104	75	255
2.269999999999845	197	104	75	255
2.2599999999998452	198	107	77	255
2.2499999999998455	198	107	77	255
2.2399999999998457	198	107	77	255
2.229999999999846	198	107	77	255
2.219999999999846	199	109	80	255
2.2099999999998463	199	109	80	255
2.1999999999998465	199	109	80	255
2.1899999999998467	199	109	80	255
2.179999999999847	199	111	83	255
2.169999999999847	199	111	83	255
2.1599999999998474	199	111	83	255
2.1499999999998476	199	111	83	255
2.139999999999848	200	114	85	255
2.129999999999848	200	114	85	255
2.1199999999998482	200	114	85	255
2.1099999999998484	200	114	85	255
2.0999999999998487	201	116	88	255
2.089999999999849	201	116	88	255
2.079999999999849	201	116	88	255
2.0699999999998493	201	116	88	255
2.0599999999998495	202	118	91	255
2.0499999999998497	202	118	91	255
2.03999999999985	202	118	91	255
2.02999999999985	202	118	91	255
2.0199999999998504	202	121	93	255
2.0099999999998506	202	121	93	255
1.9999999999998508	202	121	93	255
1.989999999999851	202	121	93	255
1.9799999999998512	203	123	96	255
1.9699999999998514	203	123	96	255
1.9599999999998516	203	123	96	255
1.9499999999998519	203	123	96	255
1.939999999999852	204	125	99	255
1.9299999999998523	204	125	99	255
1.9199999999998525	204	125	99	255
1.9099999999998527	204	125	99	255
1.899999999999853	205	127	101	255
1.8899999999998531	205	127	101	255
1.8799999999998533	205	127	101	255
1.8699999999998536	205	127	101	255
1.8599999999998538	205	130	104	255
1.849999999999854	205	130	104	255
1.8399999999998542	205	130	104	255
1.8299999999998544	205	130	104	255
1.8199999999998546	206	132	107	255
1.8099999999998548	206	132	107	255
1.799999999999855	206	132	107	255
1.7899999999998553	206	132	107	255
1.7799999999998555	207	134	110	255
1.7699999999998557	207	134	110	255
1.759999999999856	207	134	110	255
1.7499999999998561	207	134	110	255
1.7399999999998563	207	137	112	255
1.7299999999998565	207	137	112	255
1.7199999999998568	207	137	112	255
1.709999999999857	207	137	112	255
1.6999999999998572	208	139	115	255
1.6899999999998574	208	139	115	255
1.6799999999998576	208	139	115	255
1.6699999999998578	209	141	118	255
1.659999999999858	209	141	118	255
1.6499999999998582	209	141	118	255
1.6399999999998585	209	141	118	255
1.6299999999998587	209	143	121	255
1.6199999999998589	209	143	121	255
1.609999999999859	209	143	121	255
1.5999999999998593	209	143	121	255
1.5899999999998595	210	146	124	255
1.5799999999998597	210	146	124	255
1.56999999999986	210	146	124	255
1.5599999999998602	210	146	124	255
1.5499999999998604	211	148	127	255
1.5399999999998606	211	148	127	255
1.5299999999998608	211	148	127	255
1.519999999999861	211	148	127	255
1.5099999999998612	211	150	129	255
1.4999999999998614	211	150	129	255
1.4899999999998617	211	150	129	255
1.4799999999998619	211	150	129	255
1.469999999999862	212	153	132	255
1.4599999999998623	212	153	132	255
1.4499999999998625	212	153	132	255
1.4399999999998627	212	153	132	255
1.429999999999863	213	155	135	255
1.4199999999998631	213	155	135	255
1.4099999999998634	213	155	135	255
1.3999999999998636	213	155	135	255
1.3899999999998638	214	157	138	255
1.379999999999864	214	157	138	255
1.3699999999998642	214	157	138	255
1.3599999999998644	214	157	138	255
1.3499999999998646	214	159	141	255
1.3399999999998649	214	159	141	255
1.329999999999865	214	159	141	255
1.3199999999998653	214	159	141	255
1.3099999999998655	215	162	144	255
1.2999999999998657	215	162	144	255
1.289999999999866	215	162	144	255
1.2799999999998661	215	162	144	255
1.2699999999998663	216	164	147	255
1.2599999999998666	216	164	147	255
1.2499999999998668	216	164	147	255
1.239999999999867	216	164	147	255
1.2299999999998672	216	166	150	255
1.2199999999998674	216	166	150	255
1.2099999999998676	216	166	150	255
1.1999999999998678	216	166	150	255
1.189999999999868	217	169	152	255
1.1799999999998683	217	169	152	255
1.1699999999998685	217	169	152	255
1.1599999999998687	217	169	152	255
1.149999999999869	218	171	155	255
1.1399999999998691	218	171	155	255
1.1299999999998693	218	171	155	255
1.1199999999998695	218	171	155	255
1.1099999999998698	218	173	158	255
1.09999999999987	218	173	158	255
1.0899999999998702	218	173	158	255
1.0799999999998704	218	173	158	255
1.0699999999998706	219	175	161	255
1.0599999999998708	219	175	161	255
1.049999999999871	219	175	161	255
1.0399999999998712	219	175	161	255
1.0299999999998715	220	178	164	255
1.0199999999998717	220	178	164	255
1.009999999999872	220	178	164	255
0.9999999999998721	220	178	164	255
0.9899999999998723	220	180	167	255
0.9799999999998725	220	180	167	255
0.9699999999998727	220	180	167	255
0.959999999999873	220	180	167	255
0.9499999999998732	221	182	170	255
0.9399999999998734	221	182	170	255
0.9299999999998736	221	182	170	255
0.9199999999998738	221	182	170	255
0.909999999999874	222	185	173	255
0.8999999999998742	222	185	173	255
0.8899999999998744	222	185	173	255
0.8799999999998747	222	185	173	255
0.8699999999998749	223	187	176	255
0.8599999999998751	223	187	176	255
0.8499999999998753	223	187	176	255
0.8399999999998755	223	187	176	255
0.8299999999998757	223	189	178	255
0.8199999999998759	223	189	178	255
0.8099999999998762	223	189	178	255
0.7999999999998764	223	189	178	255
0.7899999999998766	224	192	181	255
0.7799999999998768	224	192	181	255
0.769999999999877	224	192	181	255
0.7599999999998772	224	192	181	255
0.7499999999998774	225	194	184	255
0.7399999999998776	225	194	184	255
0.7299999999998779	225	194	184	255
0.7199999999998781	225	194	184	255
0.7099999999998783	225	196	187	255
0.6999999999998785	225	196	187	255
0.6899999999998787	225	196	187	255
0.6799999999998789	225	196	187	255
0.6699999999998791	226	199	190	255
0.6599999999998793	226	199	190	255
0.6499999999998796	226	199	190	255
0.6399999999998798	226	199	190	255
0.62999999999988	227	201	193	255
0.6199999999998802	227	201	193	255
0.6099999999998804	227	201	193	255
0.5999999999998806	227	201	193	255
0.5899999999998808	228	203	196	255
0.579999999999881	228	203	196	255
0.5699999999998813	228	203	196	255
0.5599999999998815	228	203	196	255
0.5499999999998817	229	206	199	255
0.5399999999998819	229	206	199	255
0.5299999999998821	229	206	199	255
0.5199999999998823	229	206	199	255
0.5099999999998825	229	208	202	255
0.49999999999988276	229	208	202	255
0.489999999999883	229	208	202	255
0.4799999999998832	229	208	202	255
0.4699999999998834	230	210	205	255
0.4599999999998836	230	210	205	255
0.4499999999998838	230	210	205	255
0.43999999999988404	230	210	205	255
0.42999999999988425	231	213	207	255
0.41999999999988447	231	213	207	255
0.4099999999998847	231	213	207	255
0.3999999999998849	231	213	207	255
0.3899999999998851	232	215	210	255
0.3799999999998853	232	215	210	255
0.36999999999988553	232	215	210	255
0.35999999999988574	232	215	210	255
0.34999999999988596	233	217	213	255
0.33999999999988617	233	217	213	255
0.3299999999998864	233	217	213	255
0.3199999999998866	233	217	213	255
0.3099999999998868	234	220	216	255
0.299999999999887	234	220	216	255
0.28999999999988724	234	220	216	255
0.27999999999988745	234	220	216	255
0.26999999999988766	235	222	219	255
0.2599999999998879	235	222	219	255
0.2499999999998881	235	222	219	255
0.2399999999998883	235	222	219	255
0.22999999999988852	236	224	222	255
0.21999999999988873	236	224	222	255
0.20999999999988894	236	224	222	255
0.19999999999988916	236	224	222	255
0.18999999999988937	237	227	224	255
0.17999999999988958	237	227	224	255
0.1699999999998898	237	227	224	255
0.15999999999989	237	227	224	255
0.14999999999989022	238	229	227	255
0.13999999999989043	238	229	227	255
0.12999999999989065	238	229	227	255
0.11999999999989086	238	229	227	255
0.10999999999989107	239	232	230	255
0.09999999999989129	239	232	230	255
0.0899999999998915	239	232	230	255
0.07999999999989171	239	232	230	255
0.06999999999989193	240	234	233	255
0.05999999999989214	240	234	233	255
0.04999999999989235	240	234	233	255
0.039999999999892566	240	234	233	255
0.02999999999989278	241	236	235	255
0.019999999999892992	241	236	235	255
0.009999999999893205	241	236	235	255
-1.0658141036401503e-13	241	236	236	255
-0.010000000000106368	241	236	236	255
-0.020000000000106155	241	236	236	255
-0.030000000000105942	241	236	236	255
-0.04000000000010573	238	234	234	255
-0.050000000000105516	238	234	234	255
-0.0600000000001053	238	234	234	255
-0.07000000000010509	238	234	234	255
-0.08000000000010488	235	233	233	255
-0.09000000000010466	235	233	233	255
-0.10000000000010445	235	233	233	255
-0.11000000000010424	235	233	233	255
-0.12000000000010402	233	231	231	255
-0.1300000000001038	233	231	231	255
-0.1400000000001036	233	231	231	255
-0.15000000000010338	233	231	231	255
-0.16000000000010317	230	229	230	255
-0.17000000000010296	230	229	230	255
-0.18000000000010274	230	229	230	255
-0.19000000000010253	230	229	230	255
-0.20000000000010232	227	227	228	255
-0.2100000000001021	227	227	228	255
-0.2200000000001019	227	227	228	255
-0.23000000000010168	227	227	228	255
-0.24000000000010147	225	225	227	255
-0.25000000000010125	225	225	227	255
-0.26000000000010104	225	225	227	255
-0.2700000000001008	225	225	227	255
-0.2800000000001006	222	224	225	255
-0.2900000000001004	222	224	225	255
-0.3000000000001002	222	224	225	255
-0.3100000000001	222	224	225	255
-0.32000000000009976	219	222	224	255
-0.33000000000009955	219	222	224	255
-0.34000000000009933	219	222	224	255
-0.3500000000000991	219	222	224	255
-0.3600000000000989	216	220	222	255
-0.3700000000000987	216	220	222	255
-0.3800000000000985	216	220	222	255
-0.39000000000009827	216	220	222	255
-0.40000000000009805	213	218	221	255
-0.41000000000009784	213	218	221	255
-0.42000000000009763	213	218	221	255
-0.4300000000000974	211	217	220	255
-0.4400000000000972	211	217	220	255
-0.450000000000097	211	217	220	255
-0.4600000000000968	211	217	220	255
-0.47000000000009656	208	215	218	255
-0.48000000000009635	208	215	218	255
-0.49000000000009614	208	215	218	255
-0.5000000000000959	208	215	218	255
-0.5100000000000957	205	213	217	255
-0.5200000000000955	205	213	217	255
-0.5300000000000953	205	213	217	255
-0.5400000000000951	205	213	217	255
-0.5500000000000949	202	212	216	255
-0.5600000000000946	202	212	216	255
-0.5700000000000944	202	212	216	255
-0.5800000000000942	202	212	216	255
-0.590000000000094	199	210	215	255
-0.6000000000000938	199	210	215	255
-0.6100000000000936	199	210	215	255
-0.6200000000000934	199	210	215	255
-0.6300000000000932	196	208	213	255
-0.6400000000000929	196	208	213	255
-0.6500000000000927	196	208	213	255
-0.6600000000000925	196	208	213	255
-0.6700000000000923	193	207	212	255
-0.6800000000000921	193	207	212	255
-0.6900000000000919	193	207	212	255
-0.7000000000000917	193	207	212	255
-0.7100000000000914	191	205	211	255
-0.7200000000000912	191	205	211	255
-0.730000000000091	191	205	211	255
-0.7400000000000908	191	205	211	255
-0.7500000000000906	188	204	210	255
-0.7600000000000904	188	204	210	255
-0.7700000000000902	188	204	210	255
-0.78000000000009	188	204	210	255
-0.7900000000000897	185	202	208	255
-0.8000000000000895	185	202	208	255
-0.8100000000000893	185	202	208	255
-0.8200000000000891	185	202	208	255
-0.8300000000000889	182	201	207	255
-0.8400000000000887	182	201	207	255
-0.8500000000000885	182	201	207	255
-0.8600000000000882	179	199	206	255
-0.870000000000088	179	199	206	255
-0.8800000000000878	179	199	206	255
-0.8900000000000876	179	199	206	255
-0.9000000000000874	176	197	205	255
-0.9100000000000872	176	197	205	255
-0.920000000000087	176	197	205	255
-0.9300000000000868	176	197	205	255
-0.9400000000000865	173	196	204	255
-0.9500000000000863	173	196	204	255
-0.9600000000000861	173	196	204	255
-0.9700000000000859	173	196	204	255
-0.9800000000000857	170	194	203	255
-0.9900000000000855	170	194	203	255
-1.0000000000000853	170	194	203	255
-1.010000000000085	170	194	203	255
-1.0200000000000848	167	193	202	255
-1.0300000000000846	167	193	202	255
-1.0400000000000844	167	193	202	255
-1.0500000000000842	167	193	202	255
-1.060000000000084	164	191	201	255
-1.0700000000000838	164	191	201	255
-1.0800000000000836	164	191	201	255
-1.0900000000000833	164	191	201	255
-1.1000000000000831	161	190	200	255
-1.110000000000083	161	190	200	255
-1.1200000000000827	161	190	200	255
-1.1300000000000825	161	190	200	255
-1.1400000000000823	158	188	199	255
-1.150000000000082	158	188	199	255
-1.1600000000000819	158	188	199	255
-1.1700000000000816	158	188	199	255
-1.1800000000000814	155	187	198	255
-1.1900000000000812	155	187	198	255
-1.200000000000081	155	187	198	255
-1.2100000000000808	155	187	198	255
-1.2200000000000806	152	186	197	255
-1.2300000000000804	152	186	197	255
-1.2400000000000801	152	186	197	255
-1.25000000000008	148	184	196	255
-1.2600000000000797	148	184	196	255
-1.2700000000000795	148	184	196	255
-1.2800000000000793	148	184	196	255
-1.290000000000079	145	183	195	255
-1.3000000000000789	145	183	195	255
-1.3100000000000787	145	183	195	255
-1.3200000000000784	145	183	195	255
-1.3300000000000782	142	181	195	255
-1.340000000000078	142	181	195	255
-1.3500000000000778	142	181	195	255
-1.3600000000000776	142	181	195	255
-1.3700000000000774	139	180	194	255
-1.3800000000000772	139	180	194	255
-1.390000000000077	139	180	194	255
-1.4000000000000767	139	180	194	255
-1.4100000000000765	136	178	193	255
-1.4200000000000763	136	178	193	255
-1.430000000000076	136	178	193	255
-1.4400000000000759	136	178	193	255
-1.4500000000000757	133	177	192	255
-1.4600000000000755	133	177	192	255
-1.4700000000000752	133	177	192	255
-1.480000000000075	133	177	192	255
-1.4900000000000748	129	175	192	255
-1.5000000000000746	129	175	192	255
-1.5100000000000744	129	175	192	255
-1.5200000000000742	129	175	192	255
-1.530000000000074	126	174	191	255
-1.5400000000000738	126	174	191	255
-1.5500000000000735	126	174	191	255
-1.5600000000000733	126	174	191	255
-1.5700000000000731	123	172	191	255
-1.580000000000073	123	172	191	255
-1.5900000000000727	123	172	191	255
-1.6000000000000725	123	172	191	255
-1.6100000000000723	120	171	190	255
-1.620000000000072	120	171	190	255
-1.6300000000000718	120	171	190	255
-1.6400000000000716	120	171	190	255
-1.6500000000000714	117	170	190	255
-1.6600000000000712	117	170	190	255
-1.670000000000071	117	170	190	255
-1.6800000000000708	113	168	189	255
-1.6900000000000706	113	168	189	255
-1.7000000000000703	113	168	189	255
-1.7100000000000701	113	168	189	255
-1.72000000000007	110	167	189	255
-1.7300000000000697	110	167	189	255
-1.7400000000000695	110	167	189	255
-1.7500000000000693	110	167	189	255
-1.760000000000069	107	165	188	255
-1.7700000000000689	107	165	188	255
-1.7800000000000686	107	165	188	255
-1.7900000000000684	107	165	188	255
-1.8000000000000682	104	164	188	255
-1.810000000000068	104	164	188	255
-1.8200000000000678	104	164	188	255
-1.8300000000000676	104	164	188	255
-1.8400000000000674	101	162	188	255
-1.8500000000000671	101	162	188	255
-1.860000000000067	101	162	188	255
-1.8700000000000667	101	162	188	255
-1.8800000000000665	98	160	187	255
-1.8900000000000663	98	160	187	255
-1.900000000000066	98	160	187	255
-1.9100000000000659	98	160	187	255
-1.9200000000000657	95	159	187	255
-1.9300000000000654	95	159	187	255
-1.9400000000000652	95	159	187	255
-1.950000000000065	95	159	187	255
-1.9600000000000648	92	157	187	255
-1.9700000000000646	92	157	187	255
-1.9800000000000644	92	157	187	255
-1.9900000000000642	92	157	187	255
-2.000000000000064	89	156	187	255
-2.0100000000000637	89	156	187	255
-2.0200000000000635	89	156	187	255
-2.0300000000000633	89	156	187	255
-2.040000000000063	86	154	187	255
-2.050000000000063	86	154	187	255
-2.0600000000000627	86	154	187	255
-2.0700000000000625	86	154	187	255
-2.0800000000000622	83	153	186	255
-2.090000000000062	83	153	186	255
-2.100000000000062	83	153	186	255
-2.1100000000000616	81	151	186	255
-2.1200000000000614	81	151	186	255
-2.130000000000061	81	151	186	255
-2.140000000000061	81	151	186	255
-2.1500000000000608	78	149	186	255
-2.1600000000000605	78	149	186	255
-2.1700000000000603	78	149	186	255
-2.18000000000006	78	149	186	255
-2.19000000000006	75	148	186	255
-2.2000000000000597	75	148	186	255
-2.2100000000000595	75	148	186	255
-2.2200000000000593	75	148	186	255
-2.230000000000059	72	146	186	255
-2.240000000000059	72	146	186	255
-2.2500000000000586	72	146	186	255
-2.2600000000000584	72	146	186	255
-2.270000000000058	70	144	186	255
-2.280000000000058	70	144	186	255
-2.2900000000000578	70	144	186	255
-2.3000000000000576	70	144	186	255
-2.3100000000000573	67	143	186	255
-2.320000000000057	67	143	186	255
-2.330000000000057	67	143	186	255
-2.3400000000000567	67	143	186	255
-2.3500000000000565	64	141	186	255
-2.3600000000000563	64	141	186	255
-2.370000000000056	64	141	186	255
-2.380000000000056	64	141	186	255
-2.3900000000000556	62	139	186	255
-2.4000000000000554	62	139	186	255
-2.410000000000055	62	139	186	255
-2.420000000000055	62	139	186	255
-2.430000000000055	59	137	186	255
-2.4400000000000546	59	137	186	255
-2.4500000000000544	59	137	186	255
-2.460000000000054	59	137	186	255
-2.470000000000054	56	136	186	255
-2.4800000000000537	56	136	186	255
-2.4900000000000535	56	136	186	255
-2.5000000000000533	54	134	186	255
-2.510000000000053	54	134	186	255
-2.520000000000053	54	134	186	255
-2.5300000000000527	54	134	186	255
-2.5400000000000524	51	132	186	255
-2.5500000000000522	51	132	186	255
-2.560000000000052	51	132	186	255
-2.570000000000052	51	132	186	255
-2.5800000000000516	48	131	186	255
-2.5900000000000514	48	131	186	255
-2.600000000000051	48	131	186	255
-2.610000000000051	48	131	186	255
-2.6200000000000507	46	129	186	255
-2.6300000000000505	46	129	186	255
-2.6400000000000503	46	129	186	255
-2.65000000000005	46	129	186	255
-2.66000000000005	43	127	186	255
-2.6700000000000497	43	127	186	255
-2.6800000000000495	43	127	186	255
-2.6900000000000492	43	127	186	255
-2.700000000000049	41	125	186	255
-2.710000000000049	41	125	186	255
-2.7200000000000486	41	125	186	255
-2.7300000000000484	41	125	186	255
-2.740000000000048	38	123	186	255
-2.750000000000048	38	123	186	255
-2.7600000000000477	38	123	186	255
-2.7700000000000475	38	123	186	255
-2.7800000000000473	35	122	186	255
-2.790000000000047	35	122	186	255
-2.800000000000047	35	122	186	255
-2.8100000000000467	35	122	186	255
-2.8200000000000465	33	120	187	255
-2.8300000000000463	33	120	187	255
-2.840000000000046	33	120	187	255
-2.850000000000046	33	120	187	255
-2.8600000000000456	30	118	187	255
-2.8700000000000454	30	118	187	255
-2.880000000000045	30	118	187	255
-2.890000000000045	30	118	187	255
-2.9000000000000448	27	116	187	255
-2.9100000000000446	27	116	187	255
-2.9200000000000443	27	116	187	255
-2.930000000000044	25	114	187	255
-2.940000000000044	25	114	187	255
-2.9500000000000437	25	114	187	255
-2.9600000000000435	25	114	187	255
-2.9700000000000433	22	112	188	255
-2.980000000000043	22	112	188	255
-2.990000000000043	22	112	188	255
-3.0000000000000426	22	112	188	255
-3.0100000000000424	19	110	188	255
-3.020000000000042	19	110	188	255
-3.030000000000042	19	110	188	255
-3.040000000000042	19	110	188	255
-3.0500000000000416	17	108	188	255
-3.0600000000000414	17	108	188	255
-3.070000000000041	17	108	188	255
-3.080000000000041	17	108	188	255
-3.0900000000000407	15	106	189	255
-3.1000000000000405	15	106	189	255
-3.1100000000000403	15	106	189	255
-3.12000000000004	15	106	189	255
-3.13000000000004	13	104	189	255
-3.1400000000000396	13	104	189	255
-3.1500000000000394	13	104	189	255
-3.160000000000039	13	104	189	255
-3.170000000000039	11	102	189	255
-3.180000000000039	11	102	189	255
-3.1900000000000386	11	102	189	255
-3.2000000000000384	11	102	189	255
-3.210000000000038	10	100	190	255
-3.220000000000038	10	100	190	255
-3.2300000000000377	10	100	190	255
-3.2400000000000375	10	100	190	255
-3.2500000000000373	10	98	190	255
-3.260000000000037	10	98	190	255
-3.270000000000037	10	98	190	255
-3.2800000000000367	10	98	190	255
-3.2900000000000365	10	96	190	255
-3.3000000000000362	10	96	190	255
-3.310000000000036	10	96	190	255
-3.320000000000036	10	96	190	255
-3.3300000000000356	12	94	190	255
-3.3400000000000354	12	94	190	255
-3.350000000000035	12	94	190	255
-3.360000000000035	13	91	190	255
-3.3700000000000347	13	91	190	255
-3.3800000000000345	13	91	190	255
-3.3900000000000343	13	91	190	255
-3.400000000000034	16	89	190	255
-3.410000000000034	16	89	190	255
-3.4200000000000337	16	89	190	255
-3.4300000000000335	16	89	190	255
-3.4400000000000333	19	87	190	255
-3.450000000000033	19	87	190	255
-3.460000000000033	19	87	190	255
-3.4700000000000326	19	87	190	255
-3.4800000000000324	22	85	189	255
-3.490000000000032	22	85	189	255
-3.500000000000032	22	85	189	255
-3.5100000000000318	22	85	189	255
-3.5200000000000315	25	82	188	255
-3.5300000000000313	25	82	188	255
-3.540000000000031	25	82	188	255
-3.550000000000031	25	82	188	255
-3.5600000000000307	28	80	186	255
-3.5700000000000305	28	80	186	255
-3.5800000000000303	28	80	186	255
-3.59000000000003	28	80	186	255
-3.60000000000003	31	78	184	255
-3.6100000000000296	31	78	184	255
-3.6200000000000294	31	78	184	255
-3.630000000000029	31	78	184	255
-3.640000000000029	33	76	182	255
-3.6500000000000288	33	76	182	255
-3.6600000000000286	33	76	182	255
-3.6700000000000284	33	76	182	255
-3.680000000000028	35	74	179	255
-3.690000000000028	35	74	179	255
-3.7000000000000277	35	74	179	255
-3.7100000000000275	35	74	179	255
-3.7200000000000273	37	72	176	255
-3.730000000000027	37	72	176	255
-3.740000000000027	37	72	176	255
-3.7500000000000266	38	71	172	255
-3.7600000000000264	38	71	172	255
-3.770000000000026	38	71	172	255
-3.780000000000026	38	71	172	255
-3.790000000000026	39	69	169	255
-3.8000000000000256	39	69	169	255
-3.8100000000000254	39	69	169	255
-3.820000000000025	39	69	169	255
-3.830000000000025	40	67	165	255
-3.8400000000000247	40	67	165	255
-3.8500000000000245	40	67	165	255
-3.8600000000000243	40	67	165	255
-3.870000000000024	41	66	162	255
-3.880000000000024	41	66	162	255
-3.8900000000000237	41	66	162	255
-3.9000000000000234	41	66	162	255
-3.9100000000000232	41	64	158	255
-3.920000000000023	41	64	158	255
-3.930000000000023	41	64	158	255
-3.9400000000000226	41	64	158	255
-3.9500000000000224	41	63	154	255
-3.960000000000022	41	63	154	255
-3.970000000000022	41	63	154	255
-3.9800000000000217	41	63	154	255
-3.9900000000000215	41	62	151	255
-4.000000000000021	41	62	151	255
-4.010000000000021	41	62	151	255
-4.020000000000021	41	62	151	255
-4.030000000000021	41	60	147	255
-4.0400000000000205	41	60	147	255
-4.05000000000002	41	60	147	255
-4.06000000000002	41	60	147	255
-4.07000000000002	41	59	143	255
-4.08000000000002	41	59	143	255
-4.090000000000019	41	59	143	255
-4.100000000000019	41	59	143	255
-4.110000000000019	41	58	140	255
-4.120000000000019	41	58	140	255
-4.1300000000000185	41	58	140	255
-4.140000000000018	41	58	140	255
-4.150000000000018	41	56	136	255
-4.160000000000018	41	56	136	255
-4.170000000000018	41	56	136	255
-4.1800000000000175	40	55	132	255
-4.190000000000017	40	55	132	255
-4.200000000000017	40	55	132	255
-4.210000000000017	40	55	132	255
-4.220000000000017	40	54	129	255
-4.230000000000016	40	54	129	255
-4.240000000000016	40	54	129	255
-4.250000000000016	40	54	129	255
-4.260000000000016	39	52	125	255
-4.270000000000016	39	52	125	255
-4.280000000000015	39	52	125	255
-4.290000000000015	39	52	125	255
-4.300000000000015	39	51	122	255
-4.310000000000015	39	51	122	255
-4.3200000000000145	39	51	122	255
-4.330000000000014	39	51	122	255
-4.340000000000014	38	50	118	255
-4.350000000000014	38	50	118	255
-4.360000000000014	38	50	118	255
-4.370000000000013	38	50	118	255
-4.380000000000013	37	48	115	255
-4.390000000000013	37	48	115	255
-4.400000000000013	37	48	115	255
-4.410000000000013	37	48	115	255
-4.420000000000012	37	47	111	255
-4.430000000000012	37	47	111	255
-4.440000000000012	37	47	111	255
-4.450000000000012	37	47	111	255
-4.4600000000000115	36	46	108	255
-4.470000000000011	36	46	108	255
-4.480000000000011	36	46	108	255
-4.490000000000011	36	46	108	255
-4.500000000000011	35	45	105	255
-4.5100000000000104	35	45	105	255
-4.52000000000001	35	45	105	255
-4.53000000000001	35	45	105	255
-4.54000000000001	34	43	101	255
-4.55000000000001	34	43	101	255
-4.560000000000009	34	43	101	255
-4.570000000000009	34	43	101	255
-4.580000000000009	33	42	98	255
-4.590000000000009	33	42	98	255
-4.6000000000000085	33	42	98	255
-4.610000000000008	33	41	95	255
-4.620000000000008	33	41	95	255
-4.630000000000008	33	41	95	255
-4.640000000000008	33	41	95	255
-4.6500000000000075	32	39	91	255
-4.660000000000007	32	39	91	255
-4.670000000000007	32	39	91	255
-4.680000000000007	32	39	91	255
-4.690000000000007	31	38	88	255
-4.700000000000006	31	38	88	255
-4.710000000000006	31	38	88	255
-4.720000000000006	31	38	88	255
-4.730000000000006	30	37	85	255
-4.7400000000000055	30	37	85	255
-4.750000000000005	30	37	85	255
-4.760000000000005	30	37	85	255
-4.770000000000005	29	35	82	255
-4.780000000000005	29	35	82	255
-4.7900000000000045	29	35	82	255
-4.800000000000004	29	35	82	255
-4.810000000000004	28	34	79	255
-4.820000000000004	28	34	79	255
-4.830000000000004	28	34	79	255
-4.840000000000003	28	34	79	255
-4.850000000000003	27	33	76	255
-4.860000000000003	27	33	76	255
-4.870000000000003	27	33	76	255
-4.880000000000003	27	33	76	255
-4.890000000000002	26	31	73	255
-4.900000000000002	26	31	73	255
-4.910000000000002	26	31	73	255
-4.920000000000002	26	31	73	255
-4.9300000000000015	25	30	70	255
-4.940000000000001	25	30	70	255
-4.950000000000001	25	30	70	255
-4.960000000000001	25	30	70	255
-4.970000000000001	24	28	67	255
-4.98	24	28	67	255
-4.99	24	28	67	255
-5.0	24	28	67	255
nv	0	0	0	0
